36 34 81 54 15
40 36 79 53 16
44 38 77 52 17
49 41 75 51 18
53 43 73 50 19
57 45 71 49 20
62 48 69 48 21
66 50 67 47 22
71 53 65 46 23
75 57 64.1667 45 24
80 62 63.3333 44 25
85 66 62.5 43 26
90 71 61.6667 42 27
95 75 60.8333 41 28
100 80 60 40 29
102 83 61 38.2 30
105 86 62 36.4 31
108 90 63 34.6 32
111 93 64 32.8 33
114 97 65 31 34
116 102 67.6667 31.1667 35
119 107 70.3333 31.3333 36
122 111 73 31.5 37
125 117 75.6667 31.6667 38
128 122 78.3333 31.8333 39
131 127 81 32 40
132 122 84 32.8 41
134 117 87 33.6 42
136 113 90 34.4 43
138 108 93 35.2 44
140 104 96 36 45
132 100 101.25 37.25 46
125 97 106.5 38.5 47
118 94 111.75 39.75 48
111 91 117 41 49
108 92 118.684 41.1579 50
106 93 120.368 41.3158 51
104 94 122.053 41.4737 52
102 96 123.737 41.6316 53
100 97 125.421 41.7895 54
98 98 127.105 41.9474 55
96 100 128.789 42.1053 56
94 101 130.474 42.2632 57
92 102 132.158 42.4211 58
89 104 133.842 42.5789 59
87 105 135.526 42.7368 60
85 106 137.211 42.8947 61
83 108 138.895 43.0526 62
81 109 140.579 43.2105 63
79 110 142.263 43.3684 64
77 112 143.947 43.5263 65
75 113 145.632 43.6842 66
73 114 147.316 43.8421 67
71 116 149 44 68
68 110 152.8 52 69
65 104 156.6 60 70
61 99 160.4 68 71
59 93 164.2 76 72
56 88 168 84 73
44 66 175 100 74
33 44 182 116 75
